10 1 0
20 2 2
30 4 4
40 9 8
50 13 12
60 18 18
70 26 25
80 34 33
90 41 41
100 53 52
110 65 64
120 76 74
130 89 89
140 104 107
150 120 124
160 136 153
170 157 161
180 172 178
190 210 211
200 208 232
210 239 267
220 253 288
230 277 391
240 300 351
250 327 393
260 335 381
270 361 428
280 387 434
290 415 503
300 444 526
310 473 588
320 506 730
330 537 669
340 619 667
350 604 755
360 638 740
370 672 847
380 710 899
390 768 1008
400 787 970
410 824 1102
420 869 1059
430 867 1132
440 904 1098
450 942 1168
460 891 1072
470 945 1189
480 840 1135
490 804 1104
500 810 1217
510 787 1565
520 883 1224
530 808 1414
540 826 1245
550 901 1892
560 1186 1512
570 970 2389
580 1036 1764
590 1002 1997
600 1030 1554
610 1087 2164
620 1138 1958
630 1124 2431
640 1212 2344
650 1221 2130
660 1270 2082
670 1256 5007
680 2744 4321
690 2950 5802
700 2948 5646
710 2971 6130
720 3152 3944
730 1793 3869
740 1639 2815
750 1676 4125
760 1685 3203
770 1758 3949
780 1754 3440
790 1866 7380
800 3274 5319
810 4387 7304
820 2126 3865
830 2219 5149
840 2198 3607
850 2262 5154
860 2265 3976
870 2252 5482
880 2289 3545
890 2319 4683
900 2493 4821
910 2519 6109
920 2559 4205
930 2455 6054
940 2638 4841
950 2588 5688
960 2848 5664
970 2775 6413
980 2829 5481
990 3017 7225
1000 3098 5868
1010 3124 7536
1020 3325 6158
